0 139 119 93 196 134 77 149 280 331 137 37 167 430 137 55 114 247 120 72 234 
1 329 141 39 155 136 79 102 273 426 135 56 112 243 118 72 242 
2 317 135 75 166 325 141 32 151 138 86 98 259 428 138 51 110 239 119 77 235 
3 324 141 34 147 314 133 82 168 142 81 87 275 427 136 53 109 238 117 77 240 
4 324 136 34 153 139 129 83 227 234 118 78 241 426 135 54 110 
5 140 139 84 211 323 144 36 146 233 127 66 226 425 137 55 109 
6 321 144 39 151 143 129 78 232 425 137 55 112 230 128 69 227 
7 140 130 84 227 319 140 39 163 423 139 56 111 226 125 74 234 
8 473 153 17 41 136 123 82 238 315 139 41 166 421 138 57 114 223 127 77 229 
9 474 153 17 40 134 103 67 267 423 139 55 114 315 138 41 166 224 124 72 231 
10 135 108 64 264 423 135 55 120 306 137 53 169 221 123 75 234 
11 198 143 38 97 424 132 54 122 135 113 68 256 227 122 70 239 316 130 42 179 
12 198 144 39 131 139 128 77 237 225 124 70 231 423 132 56 120 316 131 43 176 
13 198 143 38 131 139 140 73 219 314 140 44 166 422 135 57 118 219 129 76 230 
14 197 148 37 128 139 130 60 231 303 147 58 170 423 137 55 119 217 128 77 233 
15 192 150 39 129 140 154 54 208 423 140 54 115 302 147 56 173 215 128 77 223 
16 438 141 40 112 416 138 45 123 203 117 76 240 298 146 58 175 
17 135 133 63 222 443 141 35 111 414 137 46 125 295 146 60 173 197 109 87 259 
18 439 141 39 106 294 143 63 160 204 120 91 203 413 135 48 121 
19 137 127 51 226 441 133 38 112 295 138 61 160 191 103 98 263 417 128 41 127 
20 138 122 49 234 179 108 111 252 426 129 51 113 303 140 50 155 
21 136 121 48 234 417 126 40 122 182 108 98 255 297 138 61 158 429 127 49 114 
22 135 115 48 210 418 125 36 125 436 127 43 115 297 132 63 162 171 104 118 259 
23 137 129 32 173 438 124 41 119 416 123 40 129 171 114 119 212 296 127 60 170 
24 139 129 28 115 447 120 32 109 158 109 111 255 415 122 43 129 298 122 58 175 
25 157 110 111 251 424 122 51 122 301 120 56 175 
26 461 128 27 92 157 111 113 248 303 120 55 173 421 119 54 127 
27 462 127 27 93 159 105 108 227 303 121 59 173 420 120 58 125 
28 139 122 25 125 463 129 27 91 161 103 104 228 305 122 58 172 421 120 56 125 
29 465 129 27 91 139 123 25 129 161 105 101 230 305 122 57 172 420 120 59 125 
30 138 128 26 182 164 105 96 233 304 121 59 174 419 121 61 125 
31 138 131 29 175 166 98 92 241 302 121 62 174 421 121 59 128 
32 221 128 66 208 171 94 80 250 304 121 59 173 426 118 57 129 
33 472 122 25 104 196 115 80 238 174 89 72 263 306 121 58 179 427 114 56 135 
34 476 124 19 99 221 110 62 225 308 118 59 181 176 89 66 263 429 114 57 135 
35 201 108 70 226 477 120 19 108 307 119 58 178 172 87 72 265 432 113 57 136 
36 139 131 32 176 199 109 71 223 307 120 62 174 168 93 82 250 433 114 56 135 
37 140 129 28 180 200 110 70 221 308 118 62 178 166 98 86 247 435 113 55 138 
38 461 120 36 125 199 109 73 225 137 122 31 194 308 118 63 178 165 96 87 252 435 116 53 133 
39 462 121 35 123 137 119 30 197 304 115 68 163 162 92 94 261 437 117 50 131 
40 136 114 30 206 309 105 63 173 162 88 92 268 447 113 48 121 
41 228 107 53 223 201 96 70 250 136 113 29 210 318 103 60 186 163 86 92 271 444 111 54 121 
42 229 110 52 223 136 114 28 209 162 89 84 264 321 106 56 200 444 110 54 120 
43 236 126 40 134 137 114 28 212 227 108 55 221 162 85 81 269 444 110 53 121 318 109 60 198 
44 231 112 52 218 446 112 52 119 160 83 84 279 317 110 63 197 
45 233 111 52 222 447 112 52 123 158 82 88 281 318 109 67 198 
46 233 109 53 224 447 107 53 131 152 81 99 282 317 111 72 197 
47 232 109 54 225 448 106 52 132 153 87 97 273 315 115 76 195 
48 365 122 28 124 230 104 58 236 153 90 97 268 452 106 47 137 316 123 82 190 
49 230 118 61 233 370 122 28 127 454 113 45 139 152 88 99 270 317 123 85 189 
50 372 124 27 127 230 119 61 234 148 91 104 264 458 114 41 139 319 124 82 189 
51 231 117 60 240 148 96 106 255 322 126 81 193 459 116 39 136 
52 228 119 59 232 323 131 78 210 461 118 38 136 149 94 103 258 
53 228 119 60 230 326 123 75 201 143 95 95 252 462 119 37 136 
54 384 134 28 117 463 130 34 124 227 115 61 245 328 120 73 207 142 93 95 259 
55 224 111 65 253 385 131 28 117 469 128 28 123 339 119 73 208 144 94 93 259 
56 472 128 26 121 143 98 92 252 343 108 70 227 
57 472 133 25 115 224 116 72 208 144 99 90 248 343 105 73 235 
58 219 111 80 254 471 131 26 119 340 104 74 241 142 101 88 246 
59 216 124 79 230 342 112 70 239 139 102 87 243 
60 340 108 76 231 211 117 88 242 138 96 81 252 
61 469 141 29 100 208 122 91 240 138 100 77 241 344 116 72 232 
62 196 130 83 220 139 107 76 257 341 122 74 226 
63 467 141 31 104 191 132 91 214 138 112 56 247 336 123 77 233 
64 138 122 53 230 183 126 102 230 334 121 80 233 
65 137 135 48 216 328 126 74 227 177 124 109 231 
66 137 163 29 194 467 134 30 121 328 127 71 227 181 128 96 224 
67 466 134 31 124 178 122 93 234 326 121 72 237 
68 467 129 31 135 318 120 80 239 168 140 89 206 
69 466 128 31 137 160 130 97 225 314 122 83 233 
70 464 132 33 133 162 136 92 210 312 114 84 250 
71 249 142 28 99 161 130 85 226 466 136 32 146 311 115 81 247 
72 155 125 90 240 460 135 38 148 309 116 79 248 
73 459 139 39 144 144 134 87 216 299 117 77 254 
74 455 138 44 152 144 143 87 199 298 117 78 257 
75 452 141 47 151 292 125 83 244 144 139 84 210 
76 290 129 80 238 143 135 79 223 
77 445 139 55 156 286 154 80 206 142 134 74 226 
78 283 152 79 212 444 139 56 155 140 130 79 228 
79 276 130 78 230 140 121 75 239 443 138 56 156 
80 139 128 58 223 272 133 83 221 444 135 56 158 
81 138 144 61 198 269 161 85 198 442 132 58 164 
82 140 166 43 147 189 153 30 124 176 150 31 137 261 157 90 206 443 129 56 169 
83 255 159 91 203 174 152 33 127 440 132 60 159 
84 257 162 85 196 175 155 31 129 441 131 57 162 
85 173 155 29 127 250 161 79 198 192 158 31 115 439 135 59 162 
86 192 161 28 120 171 156 32 128 250 157 80 206 434 135 61 164 
87 186 162 31 117 244 157 84 205 173 159 34 116 434 136 61 164 
88 244 126 85 239 173 153 32 120 432 132 64 167 
89 169 152 34 127 234 126 94 236 428 130 66 167 
90 187 123 202 214 234 122 98 244 427 129 65 165 
91 239 121 91 246 425 130 67 165 
92 179 120 215 223 238 109 91 259 422 131 71 163 
93 172 112 214 240 420 129 74 168 
94 204 131 109 213 171 104 208 249 141 142 44 143 418 128 78 173 
95 159 104 233 252 419 121 77 183 
96 154 105 165 254 419 117 75 196 
97 139 143 37 137 155 102 158 264 415 117 82 194 
98 177 137 106 200 151 108 166 256 413 120 84 189 
99 142 110 166 256 409 126 86 184 
100 139 110 169 252 405 125 87 189 
101 139 106 154 258 406 124 84 194 
102 139 103 148 262 403 122 88 199 
103 138 105 157 255 407 119 84 199 
104 134 100 143 257 406 121 84 197 
105 476 151 20 70 145 91 116 254 404 120 86 203 
106 142 73 92 289 401 121 89 207 
107 140 65 84 303 392 120 93 225 
108 138 73 78 294 392 119 91 230 
109 139 117 75 250 392 122 90 226 
110 470 140 29 99 139 119 57 241 391 123 92 225 
111 140 148 55 217 470 142 30 98 389 123 95 228 
112 473 141 28 99 385 126 98 222 
113 471 143 28 100 384 125 97 221 
114 472 145 29 99 383 125 97 221 
115 473 146 26 100 380 119 98 235 
116 472 144 26 100 378 120 97 234 
117 471 141 27 105 375 122 99 226 
118 469 142 28 100 372 122 101 224 
119 470 140 28 99 370 119 105 231 
120 469 145 27 98 369 119 87 229 
121 470 145 26 97 434 146 39 147 368 121 86 224 
122 472 142 26 101 431 141 41 153 364 121 90 224 
123 470 141 26 101 426 141 43 155 362 122 89 224 
124 468 145 28 99 425 140 43 157 358 126 86 217 
125 467 146 29 100 421 135 55 206 355 128 92 219 
126 421 135 56 208 467 144 29 102 417 141 40 155 354 131 94 216 
127 467 140 29 107 421 135 56 211 353 129 92 220 
128 417 137 39 160 468 136 29 114 421 131 56 216 352 129 94 219 
129 467 134 30 123 421 133 57 211 352 123 91 223 
130 414 138 41 155 419 135 62 211 350 127 94 219 
131 421 137 60 218 345 126 83 229 
132 467 140 31 148 421 140 58 210 342 121 88 230 
133 408 134 55 216 464 137 33 154 340 122 90 232 
134 408 135 58 209 460 133 36 167 332 120 102 229 
135 420 136 60 203 463 131 34 171 334 111 96 243 
136 463 127 35 175 404 126 61 219 332 109 98 247 
137 465 126 34 181 401 123 66 225 332 110 99 245 
138 465 129 33 179 404 129 64 214 327 110 106 244 
139 463 130 35 177 403 131 64 212 327 114 103 240 
140 396 132 70 217 323 117 108 236 
141 393 131 71 214 448 129 50 217 316 120 117 231 
142 377 123 64 223 398 128 67 213 446 123 49 218 312 112 103 244 
143 399 133 66 205 377 128 60 213 447 122 47 221 308 118 108 236 
144 398 132 68 211 425 127 58 218 376 125 60 220 447 110 47 219 306 113 106 241 
145 376 123 62 228 422 129 61 222 449 121 49 228 308 117 107 239 
146 384 127 90 228 447 126 52 228 307 116 110 241 
147 425 134 60 217 377 124 64 232 448 132 50 218 306 119 107 237 
148 375 125 63 228 447 120 51 233 302 120 102 239 
149 372 122 64 235 444 125 53 235 301 116 97 254 
150 428 124 65 239 369 124 62 239 293 121 91 242 
151 426 124 66 231 367 119 67 242 289 117 97 238 
152 366 124 76 231 424 122 66 233 283 116 99 240 
153 362 123 80 232 424 123 66 228 281 112 101 246 
154 361 118 79 240 423 119 66 242 277 117 103 238 
155 348 125 78 228 418 125 67 233 276 114 95 242 
156 376 132 61 227 345 140 74 205 416 128 65 235 266 113 97 244 
157 340 140 84 211 415 133 80 226 259 119 102 241 
158 337 136 89 216 408 135 88 222 255 116 105 246 
159 405 136 89 210 343 136 77 217 254 122 104 235 
160 397 121 73 232 344 130 71 228 256 119 100 243 
161 392 121 81 231 344 129 72 233 252 128 100 229 
162 438 151 47 129 342 135 72 224 389 126 81 217 251 120 101 246 
163 387 122 86 226 338 164 73 195 251 119 101 240 
164 377 113 69 245 339 151 70 213 250 120 102 236 
165 345 125 67 232 365 112 78 245 248 115 104 241 
166 332 124 53 235 421 134 66 213 363 107 82 254 248 119 104 238 
167 327 121 55 241 420 133 67 217 356 102 97 264 250 125 99 234 
168 343 103 83 263 426 130 61 224 246 117 105 241 
169 426 129 66 233 339 93 84 256 237 116 106 243 
170 333 91 94 263 233 115 108 246 
171 426 138 65 209 327 90 99 266 231 111 106 245 
172 310 82 88 281 227 106 98 255 
173 292 77 139 287 420 130 74 219 217 82 100 275 
174 422 124 71 233 213 75 103 282 
175 265 80 92 272 366 110 74 249 422 127 69 223 209 87 89 267 
176 196 100 86 238 207 56 147 309 348 104 73 259 420 130 68 221 
177 339 113 75 247 417 130 68 222 195 59 159 302 
178 331 119 90 246 415 131 69 225 173 31 189 328 
179 413 119 69 242 320 103 85 265 151 34 156 324 
180 375 124 51 226 408 119 60 237 306 108 92 254 136 27 186 334 
181 136 24 162 338 406 124 62 229 309 111 89 246 
182 374 130 52 221 274 146 31 87 405 128 64 227 139 0 173 366 303 110 93 249 
183 360 122 53 233 275 150 25 68 401 132 68 227 129 0 180 366 302 111 92 249 
184 271 147 31 84 142 98 163 262 399 134 70 224 301 105 96 255 
185 276 153 25 68 136 99 160 263 401 133 67 227 300 108 98 250 
186 132 107 164 258 275 154 25 65 298 107 83 258 402 135 64 224 
187 238 155 33 80 273 154 24 67 136 91 142 269 398 136 68 223 295 107 88 255 
188 274 152 24 67 240 153 31 84 397 135 68 225 136 86 136 275 292 110 87 252 
189 356 138 51 204 468 151 28 117 277 150 23 71 241 150 34 87 397 132 70 227 140 87 135 275 293 114 81 250 
190 141 98 138 265 355 132 49 215 469 151 27 116 278 150 22 70 392 128 75 235 241 151 35 87 291 121 78 241 
191 358 132 50 216 482 151 21 119 469 152 25 116 147 127 126 227 278 151 23 73 395 127 72 232 240 154 36 88 287 119 92 233 
192 466 155 27 115 483 157 21 117 358 133 50 217 142 132 131 221 278 152 23 73 394 128 72 230 240 154 36 90 286 120 92 230 
193 467 156 26 119 482 160 21 117 352 131 53 222 277 151 24 74 239 154 36 88 393 127 76 234 286 119 90 233 
194 133 125 150 229 482 161 22 119 351 132 55 219 466 154 28 124 278 153 24 70 391 129 78 230 238 154 37 88 284 118 90 236 
195 481 159 23 119 467 155 28 124 447 143 35 143 276 154 26 70 237 154 37 89 388 129 79 230 282 117 91 231 
196 481 160 23 120 469 156 27 122 447 147 33 133 237 154 38 92 388 129 82 230 281 95 89 261 
197 467 153 28 125 236 153 40 93 388 132 82 226 279 94 96 258 
198 459 150 33 129 236 156 39 85 387 137 83 221 276 91 100 260 
199 454 150 41 134 237 154 37 90 385 145 83 204 274 92 108 261 
200 451 153 46 129 238 157 36 88 384 147 86 198 272 87 107 272 
201 450 152 47 133 238 155 34 111 384 143 83 207 258 92 114 262 
202 453 151 45 133 384 144 84 203 253 96 118 255 
203 451 151 48 135 383 147 85 196 246 87 146 276 
204 383 147 85 193 243 114 120 236 
205 383 147 87 189 225 94 170 265 
206 358 148 40 80 457 147 43 144 381 145 88 192 228 92 168 266 
207 459 145 40 148 360 146 39 81 381 145 87 190 221 87 177 270 
208 382 146 88 190 462 143 37 150 359 151 28 68 214 88 186 269 
209 381 143 90 192 360 151 25 72 466 142 33 150 210 86 188 269 
210 361 151 24 67 383 143 87 189 464 141 34 154 196 95 187 264 
211 334 146 33 84 466 142 32 154 384 141 84 199 199 86 178 276 
212 361 148 27 53 464 142 35 157 150 151 36 77 386 141 80 200 201 84 162 276 
213 360 148 28 50 388 145 77 189 149 150 37 78 464 139 36 162 200 77 164 283 
214 358 148 30 50 146 152 38 75 460 142 39 157 320 145 38 101 366 137 88 211 194 74 165 288 
215 448 145 23 36 359 147 29 49 459 144 40 149 316 148 41 95 146 153 38 73 365 139 89 209 188 73 150 292 
216 144 149 38 73 313 144 44 101 457 141 42 157 363 135 91 213 187 66 143 299 
217 301 139 67 216 293 141 25 66 460 135 40 162 364 133 92 217 180 60 149 305 
218 446 136 23 44 292 137 28 102 458 133 42 165 363 134 94 214 163 69 138 299 
219 287 124 80 236 457 133 43 165 289 138 25 72 363 136 94 207 156 55 139 313 
220 365 134 94 171 309 137 44 101 285 130 32 107 457 126 41 136 345 97 141 275 149 33 129 334 
221 453 123 45 136 283 131 31 86 305 134 45 112 146 30 131 337 341 94 145 277 
222 418 126 14 22 279 138 27 76 455 123 41 129 338 95 145 277 143 55 133 312 
223 336 128 104 179 457 126 39 127 294 140 41 111 333 94 143 273 138 73 140 293 276 133 28 101 
224 294 138 42 113 275 134 29 101 331 86 145 283 141 61 135 306 
225 334 127 104 181 297 139 38 112 330 88 142 281 273 136 29 100 141 61 135 305 
226 334 129 103 182 297 140 38 109 272 137 32 103 312 84 141 285 139 51 133 318 
227 334 131 104 181 302 133 41 111 275 135 31 106 137 46 135 324 315 82 139 285 
228 435 127 44 73 424 128 76 227 217 135 38 114 142 109 97 253 301 134 43 112 274 133 31 108 315 76 139 297 
229 301 136 44 102 215 135 39 115 142 73 96 284 276 135 30 104 312 79 142 293 
230 425 132 73 217 301 133 44 110 143 74 84 284 277 133 28 104 213 136 40 109 311 79 142 290 
231 438 127 48 72 426 142 71 194 139 50 82 282 277 132 27 102 212 130 37 120 305 83 152 282 
232 429 121 65 183 401 128 30 39 139 108 81 265 294 129 35 112 276 137 23 74 208 129 38 120 302 86 150 279 
233 399 127 33 43 140 111 88 260 291 130 37 112 276 134 22 79 206 130 40 120 298 85 153 278 
234 395 129 39 43 437 121 49 146 140 127 92 237 274 133 23 81 287 130 40 114 203 130 40 122 296 84 155 281 
235 466 125 32 134 269 138 23 71 390 127 42 45 286 129 40 116 431 116 60 161 136 136 107 225 196 129 39 122 287 86 155 277 
236 467 127 31 126 288 127 38 87 390 127 43 45 269 135 22 73 435 122 48 143 134 156 117 206 196 129 38 119 280 84 162 277 
237 469 124 30 130 287 127 37 83 389 126 43 45 434 119 48 146 268 134 22 73 133 169 121 191 195 127 39 119 279 80 164 282 
238 469 126 29 134 138 205 132 150 285 128 36 83 392 124 41 74 268 131 21 80 432 113 56 164 193 126 38 119 273 78 171 280 
239 470 125 28 135 390 125 43 74 284 129 34 83 136 221 134 135 266 132 21 82 431 113 58 168 276 77 171 282 190 126 39 124 
240 472 123 27 139 142 223 114 135 262 126 29 99 282 126 35 84 389 123 43 83 274 68 170 289 432 112 55 174 188 127 39 123 
241 386 119 43 89 262 123 31 102 431 111 54 175 272 49 171 296 184 127 42 119 
242 469 125 26 133 386 118 42 94 263 124 31 95 430 109 55 173 186 128 42 120 274 49 161 297 
243 265 130 22 60 387 115 43 103 430 109 57 176 184 126 43 120 274 46 158 295 
244 472 118 27 142 384 115 45 105 269 51 167 284 430 108 57 176 183 126 40 122 
245 383 118 50 101 429 107 60 180 263 52 179 287 183 129 41 126 
246 385 120 47 106 431 111 58 196 243 42 185 307 182 132 42 129 
247 385 129 47 116 426 118 62 191 243 64 183 301 180 133 39 131 
248 385 131 48 114 363 129 27 41 311 134 130 226 423 122 63 182 234 70 188 290 179 134 39 131 
249 383 128 42 82 365 128 25 43 420 119 65 181 172 131 41 128 226 64 194 297 
250 380 120 46 93 364 123 23 48 420 113 65 194 223 64 197 296 171 124 42 131 
251 363 117 26 45 382 115 46 148 421 107 63 173 219 68 205 289 172 119 42 132 
252 365 115 25 48 376 111 57 169 424 105 61 179 220 63 213 297 172 119 43 130 
253 366 116 25 47 375 111 58 169 425 103 60 179 208 48 229 297 171 120 44 129 
254 375 103 60 223 377 116 51 107 365 117 24 45 426 104 60 176 170 121 45 133 202 48 229 295 
255 363 121 22 49 372 114 59 164 422 107 61 184 162 126 47 125 192 49 235 295 
256 360 120 23 52 369 109 56 212 416 106 63 207 160 127 46 130 189 42 229 305 
257 368 109 56 221 414 106 65 209 156 127 47 129 169 36 234 312 
258 362 105 55 229 413 104 67 213 153 126 44 130 170 28 215 317 
259 153 130 42 123 359 106 58 224 408 103 63 219 161 27 220 319 
260 149 135 38 113 358 115 58 193 407 115 65 186 155 25 231 322 
261 352 124 22 47 362 117 54 184 409 117 62 189 147 21 227 330 
262 147 133 31 58 407 116 63 201 360 114 54 193 149 13 218 348 
263 405 115 63 202 356 119 57 185 151 16 209 344 
264 403 115 64 202 349 120 61 189 158 15 188 351 
265 266 125 23 38 292 119 48 65 404 114 64 201 348 120 63 193 147 21 215 340 
266 333 121 33 99 308 121 41 92 290 120 48 86 262 126 29 43 404 116 66 194 347 118 65 196 149 30 211 319 
267 242 127 47 48 289 125 43 79 403 116 67 193 342 119 70 196 138 31 197 322 
268 289 126 44 83 235 134 52 50 147 90 206 265 403 115 66 191 340 124 74 188 
269 231 131 50 56 138 87 196 267 403 115 62 197 339 125 71 189 
270 227 131 51 71 280 128 63 181 451 105 52 229 140 95 186 259 399 114 62 207 337 124 69 191 
271 229 128 45 74 272 125 67 180 450 99 53 243 144 97 170 260 396 111 62 216 331 117 67 194 
272 267 120 71 178 230 123 41 80 143 141 162 204 449 92 51 254 394 101 60 232 330 109 68 200 
273 270 108 67 184 450 91 52 256 229 121 39 126 393 95 60 241 332 106 64 201 
274 135 125 138 236 215 121 48 130 450 123 53 231 271 103 60 194 391 92 63 246 333 102 60 207 
275 215 119 46 137 447 110 54 252 142 117 117 250 268 106 59 189 384 102 60 225 327 103 64 205 
276 286 108 35 180 138 128 103 235 446 88 51 262 212 121 45 131 256 104 60 193 381 104 63 224 325 105 62 207 
277 444 106 55 259 206 121 47 135 253 103 64 194 381 105 61 230 322 106 62 211 
278 243 118 40 141 440 110 59 253 253 103 60 193 203 121 48 137 377 105 64 235 319 107 63 209 
279 432 106 64 259 252 103 66 192 203 118 46 143 376 102 65 241 319 105 64 211 
280 432 107 63 253 251 105 71 188 201 116 49 146 374 104 68 231 315 103 69 213 
281 364 119 19 19 432 107 63 252 373 106 67 220 198 105 61 166 248 107 74 182 312 105 72 210 
282 366 119 19 18 433 106 63 256 247 106 76 186 198 105 67 168 374 105 65 219 314 105 72 213 
283 432 83 64 269 246 110 82 197 375 97 63 224 198 104 66 171 312 106 76 213 
284 434 108 61 251 192 110 71 171 239 118 90 190 374 99 61 228 308 113 79 211 
285 430 100 67 267 188 117 81 162 236 122 90 182 369 99 63 237 304 115 68 206 
286 190 109 80 169 427 99 71 269 236 118 88 185 369 95 61 240 307 110 66 212 
287 185 111 63 159 428 96 70 273 236 117 85 182 368 97 63 242 308 105 65 212 
288 425 94 72 277 188 116 52 142 229 112 72 193 364 98 69 238 309 99 61 218 
289 189 108 49 150 424 78 73 277 242 104 73 185 310 92 57 216 362 83 70 260 
290 189 108 49 149 423 75 73 277 243 101 71 188 362 81 72 258 309 90 59 220 
291 251 96 61 197 188 108 49 152 225 91 63 202 421 77 71 271 356 88 66 243 306 89 62 221 
292 183 95 60 181 219 91 69 204 415 69 77 290 353 98 68 238 300 92 66 219 
293 185 106 42 157 216 92 73 203 410 70 80 286 350 104 69 226 292 101 71 216 
294 185 105 41 163 405 96 86 277 216 95 72 202 346 105 72 230 293 104 69 211 
295 186 103 40 174 408 66 83 296 203 97 72 188 349 103 69 231 287 106 75 213 
296 185 106 40 170 409 72 84 283 216 97 71 202 351 100 70 240 287 105 78 219 
297 182 115 39 97 406 75 88 281 215 95 72 208 351 98 70 241 286 104 79 223 
298 411 74 84 283 214 104 75 215 352 101 72 236 287 110 78 222 
299 213 107 79 212 416 71 82 292 352 103 72 234 284 113 82 222 
300 418 80 79 276 189 113 96 196 353 101 72 240 286 113 80 223 
301 417 85 80 266 184 113 100 202 354 111 68 242 290 116 76 219 
302 278 111 55 218 184 110 99 208 420 78 76 276 353 103 70 239 295 113 72 222 
303 281 121 36 138 229 114 58 215 182 106 97 223 420 70 75 291 350 101 73 245 298 110 66 231 
304 226 113 63 218 178 109 103 225 419 68 77 294 348 103 74 258 290 109 72 232 
305 226 116 61 211 419 71 78 291 180 109 101 221 347 103 76 261 289 105 72 240 
306 419 74 78 283 184 110 99 217 344 104 74 262 286 103 74 246 
307 417 73 79 284 186 117 98 208 340 102 77 263 286 107 73 249 
308 415 104 81 258 188 119 93 206 339 99 75 273 277 114 75 236 
309 413 100 83 266 189 122 87 220 334 97 77 281 281 112 69 243 
310 333 101 79 265 184 113 90 220 276 112 74 239 
311 387 87 102 260 328 106 72 254 185 111 88 225 276 110 73 246 
312 386 85 108 263 323 103 75 258 272 111 76 243 175 113 104 221 
313 382 75 114 284 317 107 79 251 174 112 104 224 268 109 76 248 
314 370 75 127 275 320 112 79 224 154 120 113 204 264 104 81 256 
315 371 71 128 280 319 109 72 249 159 129 108 209 266 106 75 258 
316 362 76 134 284 154 131 106 214 312 102 73 264 252 115 71 245 
317 306 110 67 253 357 68 131 292 147 128 113 219 250 122 74 237 
318 350 78 138 280 300 106 68 263 144 130 115 218 245 118 71 246 
319 338 85 142 275 138 134 102 213 289 99 74 275 238 114 73 254 
320 284 100 79 280 134 132 107 213 229 118 72 238 
321 270 104 84 267 133 130 108 214 225 112 75 246 
322 309 85 146 272 425 137 68 211 136 129 91 213 269 110 81 255 219 114 75 243 
323 460 150 35 82 264 115 77 249 299 94 155 264 140 133 77 218 212 113 79 251 
324 140 126 75 227 291 84 155 274 211 110 78 256 
325 249 126 71 224 467 148 33 143 282 82 151 275 135 121 63 198 201 114 75 251 
326 469 150 31 175 249 119 67 234 389 125 69 240 135 117 54 237 280 80 155 275 191 111 82 252 
327 458 148 40 141 247 115 67 244 138 117 50 194 379 122 68 241 185 104 87 266 281 72 150 283 
328 419 126 72 235 137 111 35 165 243 108 68 250 372 121 72 241 180 95 92 276 285 69 139 287 
329 255 89 98 264 418 126 66 231 459 139 39 155 172 93 109 280 365 120 79 241 281 65 143 291 
330 416 128 65 227 361 110 80 257 250 77 147 280 157 98 100 272 
331 435 136 37 98 217 106 69 256 142 128 38 129 454 137 44 167 357 110 87 255 243 64 152 294 151 106 104 261 
332 144 135 35 114 209 86 96 259 347 112 81 249 447 139 52 188 237 64 150 294 141 101 98 272 
333 142 97 92 277 339 112 85 249 229 72 153 284 443 139 56 187 
334 137 119 30 142 388 124 72 228 146 93 80 252 331 106 89 254 442 139 56 186 210 77 152 274 
335 389 125 68 225 439 136 62 165 142 92 81 257 332 95 86 256 203 72 161 287 
336 323 95 78 253 379 114 64 238 141 99 71 236 427 133 69 177 184 19 191 346 
337 381 116 60 234 146 84 59 264 317 89 86 259 188 21 168 343 427 130 68 179 
338 373 123 69 225 135 76 55 240 171 19 194 344 425 126 69 183 
339 177 19 191 345 414 122 79 189 
340 367 105 74 227 286 79 102 280 411 116 82 197 
341 370 103 71 226 278 95 110 250 417 112 76 203 
342 369 95 70 236 317 91 80 256 245 78 153 273 151 17 240 342 417 112 77 197 
343 371 95 67 229 304 81 93 276 417 111 76 195 
344 241 82 149 269 414 113 78 191 
345 231 83 154 271 416 112 73 193 
346 353 101 61 177 471 114 27 68 207 82 157 273 414 113 76 194 
347 469 115 28 65 349 102 63 182 199 83 146 270 412 118 78 186 
348 178 79 158 272 409 120 81 185 
349 160 76 146 278 269 76 111 282 407 122 82 188 
350 271 85 87 263 145 86 148 273 407 121 80 188 
351 345 97 71 179 271 85 87 260 213 106 75 219 387 117 97 190 
352 342 92 77 188 241 62 146 297 199 107 84 216 378 115 108 194 
353 182 100 41 131 340 93 79 187 244 55 142 309 197 100 85 228 375 113 112 196 
354 341 91 75 188 264 79 98 267 192 96 92 240 379 108 108 202 
355 262 82 94 263 342 94 74 186 190 101 91 227 392 104 89 209 
356 329 98 65 181 191 104 88 226 394 107 85 207 
357 182 93 40 97 341 100 72 185 187 101 86 232 254 78 95 276 393 111 86 202 
358 181 90 42 100 346 96 67 195 183 102 88 225 252 72 101 287 398 108 78 204 
359 182 89 40 98 459 109 36 108 347 90 65 204 331 89 57 203 186 100 84 228 252 76 101 282 396 102 80 213 
360 209 64 147 298 189 99 78 226 354 82 60 216 247 82 82 267 324 88 59 204 397 98 77 224 
361 323 89 62 203 168 91 88 242 352 83 62 213 240 72 94 286 399 101 74 217 
362 166 95 88 238 321 89 66 208 138 100 49 140 348 85 65 215 393 103 79 213 209 65 140 298 
363 316 93 76 202 348 87 64 213 138 106 49 135 392 107 78 208 198 68 150 291 
364 137 109 47 147 348 91 64 213 317 95 70 206 389 110 79 204 205 61 133 302 
365 167 97 75 242 135 110 46 148 313 93 80 233 383 114 87 208 203 59 133 307 
366 137 107 44 130 173 98 67 240 310 88 87 250 388 104 83 233 198 62 138 303 
367 344 89 73 251 312 92 80 246 386 113 89 217 182 65 153 296 
368 167 91 72 251 450 106 43 67 344 85 76 253 135 105 42 134 313 91 76 243 381 117 95 213 184 68 153 289 
369 346 89 74 245 454 104 40 69 136 110 41 153 315 97 74 232 383 118 94 212 172 70 166 283 
370 454 102 41 71 346 89 73 211 316 98 75 223 386 120 95 203 169 72 173 282 
371 345 89 73 213 455 100 39 73 319 92 68 234 388 117 91 210 169 72 171 281 
372 365 101 78 233 457 101 39 73 320 98 67 223 384 119 94 209 167 71 171 283 
373 315 94 75 241 378 116 103 216 152 75 171 282 
374 456 107 39 74 312 96 77 240 378 116 107 219 149 80 171 276 
375 459 106 38 78 313 99 75 229 372 116 113 235 149 78 171 280 
376 313 95 78 233 379 116 104 235 152 77 168 284 
377 312 96 80 227 161 72 150 290 383 116 104 236 
378 368 92 67 245 143 101 71 231 310 94 85 231 385 112 102 243 157 71 156 290 
379 139 87 76 264 368 89 68 248 308 96 86 228 155 65 154 300 385 114 104 242 
380 365 87 75 258 382 112 106 249 305 88 87 243 155 57 152 309 
381 302 93 92 237 379 110 108 250 153 34 151 328 
382 383 98 46 77 301 91 93 241 378 115 110 244 148 35 154 326 
383 382 96 45 79 298 95 100 231 374 106 112 232 143 40 158 319 
384 460 90 41 70 383 96 42 79 292 99 93 226 375 104 108 231 140 39 159 323 
385 382 96 45 77 246 79 67 220 300 94 96 236 373 109 113 222 142 40 161 319 
386 385 99 44 72 242 81 76 221 292 94 94 236 374 109 116 224 142 53 160 309 
387 237 85 83 222 291 112 93 204 375 108 114 251 137 55 150 312 
388 465 104 36 129 236 87 82 222 137 55 140 311 291 116 94 207 371 114 117 244 
389 462 104 39 167 221 81 85 235 291 110 93 221 139 62 128 302 375 113 108 247 
390 381 108 40 64 462 106 40 157 137 64 108 307 292 109 91 215 227 81 73 234 373 112 105 247 
391 388 113 27 44 136 69 106 291 460 102 41 170 293 107 90 220 228 80 70 230 373 110 101 252 
392 381 108 39 65 360 104 38 68 388 112 27 44 458 103 42 174 137 64 101 294 292 105 93 223 228 83 70 223 375 113 98 247 
393 381 107 39 64 457 102 42 177 140 81 95 263 224 83 72 225 290 100 95 232 370 110 103 255 
394 385 113 29 45 140 104 89 223 458 98 42 187 217 79 77 258 291 101 91 237 361 117 102 246 
395 183 104 47 83 459 101 42 184 137 136 89 202 212 82 77 256 287 97 90 248 357 117 106 249 
396 178 102 59 228 345 105 37 74 210 78 82 272 141 115 72 247 284 97 88 251 356 117 104 251 
397 344 107 37 74 136 113 58 205 450 98 49 238 176 112 53 213 204 87 94 260 280 99 96 248 356 117 104 250 
398 379 114 43 67 345 111 39 73 458 108 42 164 137 107 51 216 200 107 78 228 275 104 109 255 174 115 55 216 353 122 111 242 
399 345 111 40 73 460 107 40 170 204 105 71 230 279 94 101 260 173 109 55 226 351 123 115 237 
400 385 116 28 46 346 109 39 73 464 104 37 175 191 99 87 234 275 92 102 263 163 102 80 232 334 120 152 245 
401 137 108 36 168 344 107 40 76 263 104 99 236 464 102 37 174 157 100 104 235 327 117 158 251 
402 135 103 34 179 440 114 37 98 463 99 38 183 189 91 83 252 150 105 68 232 263 99 98 248 326 117 155 252 
403 437 114 38 97 460 99 41 179 150 100 66 230 190 79 79 263 262 85 95 276 321 114 161 243 
404 427 112 41 74 334 104 46 70 183 74 89 269 146 91 72 238 449 99 51 184 260 86 94 263 318 114 163 245 
405 189 79 79 230 148 86 64 221 330 102 46 72 417 110 44 72 448 93 53 188 260 85 89 259 303 110 163 249 
406 452 95 49 96 447 91 54 188 260 82 88 261 148 84 64 227 185 78 83 227 417 107 42 73 329 100 47 77 301 112 169 247 
407 446 91 51 191 451 98 50 93 141 87 54 220 164 70 94 254 415 108 43 74 256 89 89 254 329 100 41 79 300 112 168 245 
408 413 110 45 72 447 92 51 193 176 71 74 253 140 85 53 246 329 103 40 76 231 88 109 255 303 116 159 243 
409 408 110 46 71 447 92 51 191 138 84 49 252 327 105 40 76 167 66 78 286 231 89 109 264 301 119 158 244 
410 134 95 47 243 320 105 42 79 445 98 52 192 228 93 107 261 156 70 92 291 291 120 167 240 
411 401 120 51 86 317 108 40 80 443 109 53 180 210 84 135 278 143 81 92 273 291 121 169 238 
412 401 118 49 88 443 104 52 185 192 87 141 272 141 73 88 286 281 116 170 240 
413 431 94 66 188 139 66 85 302 188 90 143 270 280 118 168 241 
414 399 112 51 118 137 70 85 297 444 92 50 187 182 95 149 261 277 113 179 241 
415 137 70 82 296 400 111 47 156 175 96 161 258 434 86 61 197 275 112 167 241 
416 364 103 38 81 153 87 161 268 433 86 63 198 272 104 164 248 
417 400 108 44 162 359 103 38 77 156 80 148 278 433 83 62 204 273 100 151 252 
418 356 99 44 137 387 98 45 145 162 72 133 286 434 82 59 202 265 94 137 260 
419 351 101 42 82 350 88 53 211 135 54 87 320 162 73 132 283 382 94 58 187 257 96 143 261 433 82 60 203 
420 385 97 46 144 162 65 127 295 248 92 144 265 432 78 61 210 
421 331 77 63 273 134 61 61 298 181 78 106 281 383 96 48 146 428 78 66 208 245 93 145 265 
422 332 75 61 276 184 71 98 286 377 88 57 161 259 93 111 262 425 73 69 204 
423 186 68 93 293 378 84 55 166 254 85 116 278 423 69 70 213 
424 336 77 51 236 376 86 57 170 184 65 95 309 255 92 112 262 420 70 73 210 
425 371 93 62 185 325 84 62 254 196 101 164 251 166 59 97 322 414 82 79 204 
426 331 89 55 211 370 93 58 186 201 101 163 253 164 76 96 291 410 86 82 207 
427 465 111 36 161 325 82 59 261 334 97 45 141 368 91 60 189 159 75 103 295 191 99 179 259 409 84 81 212 
428 239 91 39 72 332 91 46 143 369 88 59 174 409 74 88 225 149 56 109 321 213 90 150 268 
429 240 85 36 73 331 78 48 130 372 77 56 175 140 57 100 318 413 73 78 197 216 76 171 282 
430 329 75 50 133 371 72 58 178 415 66 71 202 139 54 96 320 222 70 167 287 
431 370 70 61 182 324 74 54 130 411 62 80 207 137 65 100 296 220 72 171 280 
432 366 83 46 120 370 72 61 178 194 76 46 76 401 59 67 205 321 73 55 128 135 61 89 306 206 70 190 285 
433 365 80 45 132 307 64 64 151 450 77 52 189 132 54 101 314 402 53 59 218 207 68 195 286 
434 132 51 100 318 366 80 41 160 305 66 66 153 449 78 52 191 399 57 60 216 195 71 223 280 
435 185 78 49 79 357 71 55 189 301 69 68 149 134 69 62 287 447 87 52 194 395 62 62 214 174 73 213 280 
436 361 84 41 155 131 71 61 283 447 87 50 196 296 71 68 147 393 63 64 211 166 71 214 286 
437 134 64 65 294 359 86 41 155 178 81 43 84 295 70 68 147 446 83 50 204 390 61 65 212 162 72 209 285 
438 172 78 38 88 352 71 53 189 292 71 69 142 442 73 55 223 379 57 70 222 168 72 194 287 
439 352 76 45 137 266 75 42 87 441 75 57 220 294 71 66 147 376 58 74 224 160 73 202 283 
440 144 76 37 86 353 84 42 156 260 78 46 86 441 74 58 225 379 60 68 225 296 71 63 150 156 75 222 279 
441 350 86 44 156 141 81 42 81 256 78 50 92 438 66 63 242 379 65 68 217 295 74 62 151 152 77 238 278 
442 141 78 41 81 256 83 50 112 350 87 44 164 296 77 60 167 427 79 72 218 375 73 73 220 155 72 218 281 
443 143 78 40 74 254 80 50 122 296 76 60 171 347 78 52 191 428 78 70 217 375 68 74 213 147 67 216 289 
444 256 78 47 133 295 76 61 171 348 79 52 185 430 78 66 213 375 70 75 207 138 66 200 291 
445 248 70 61 155 294 75 62 176 444 79 56 215 387 68 70 210 348 81 55 184 136 67 185 291 
446 245 69 65 186 442 67 58 212 389 66 66 210 292 71 64 183 348 77 54 189 136 66 165 289 
447 248 62 61 171 444 61 56 224 291 69 66 184 388 59 67 224 347 72 54 193 138 65 139 295 
448 250 68 58 187 445 68 55 231 388 58 66 227 146 51 110 326 292 69 61 188 346 72 53 191 
449 215 97 39 78 249 66 58 187 138 47 102 332 445 70 56 231 387 56 67 233 345 71 54 188 292 69 62 188 
450 246 54 58 192 138 67 100 298 447 77 51 218 291 69 61 180 344 74 56 183 383 64 62 214 
451 204 93 42 86 245 58 59 186 140 66 95 299 446 76 52 219 382 58 64 222 343 73 58 183 281 64 66 187 
452 196 85 61 169 236 69 59 186 444 64 55 245 138 73 94 287 382 60 62 225 336 77 57 186 277 70 69 191 
453 193 88 70 167 246 71 60 189 138 81 91 279 443 61 55 256 382 60 62 231 334 82 59 183 275 73 71 189 
454 137 112 88 258 185 90 65 163 235 69 59 184 333 79 60 191 442 58 57 259 274 72 72 186 381 65 65 234 
455 185 82 62 173 235 68 59 186 439 51 61 272 332 78 61 188 379 57 66 235 274 71 71 182 
456 139 71 85 290 185 82 60 169 234 61 61 200 438 53 62 266 333 79 60 184 378 57 68 234 276 69 69 186 
457 190 80 47 157 438 55 63 261 232 58 65 204 332 79 60 183 275 69 72 187 377 56 69 236 
458 189 79 48 142 439 55 62 256 330 76 63 188 229 57 68 203 273 69 74 184 375 56 71 236 
459 144 73 46 137 180 71 62 179 439 56 61 254 327 75 62 193 226 60 68 200 273 69 71 189 371 57 72 233 
460 143 82 44 121 184 77 45 165 425 64 74 240 327 75 62 196 224 66 67 190 369 56 72 239 271 73 73 186 
461 142 80 46 131 178 70 57 183 425 60 73 224 223 65 63 191 326 72 62 196 365 57 78 237 271 66 71 190 
462 229 62 56 193 142 77 45 140 423 54 75 236 177 69 58 183 367 58 74 230 327 70 61 198 273 62 67 198 
463 143 73 43 152 420 46 78 245 227 59 59 180 329 64 59 197 274 60 67 181 371 52 68 228 177 65 54 187 
